
Training the classifier ... Done!
Performing prediction on test set ... Done!
--------------------------------------
actual       =['a', 'a', 'o', 'f', 'u', 'p', 'd', 'a', 't', 'e', 'm', 'u', 'l', 't', 'i', 'v', 'a', 'r', 'i', 'a', 't', 'e']
prediction   =['a', 'a', 'u', 'q', 'V', 'p', 'e', 'a', 'F', 'c', 'm', 'V', 'l', 'E', 'X', 'x', 'a', 'Y', 'I', 'a', 'X', 'c']
--------------------------------------
Classification report for classifier [OneVsRestClassifier(estimator=SVC(C=0.01, coef0=0.0, degree=3, gamma=0.0, kernel=linear, probability=True,
  shrinking=True, tol=0.001),
          estimator__C=0.01, estimator__coef0=0.0, estimator__degree=3,
          estimator__gamma=0.0, estimator__kernel=linear,
          estimator__probability=True, estimator__shrinking=True,
          estimator__tol=0.001)]
             precision    recall  f1-score   support

         69       0.00      0.00      0.00         0
         70       0.00      0.00      0.00         0
         73       0.00      0.00      0.00         0
         86       0.00      0.00      0.00         0
         88       0.00      0.00      0.00         0
         89       0.00      0.00      0.00         0
         97       1.00      1.00      1.00         5
         99       0.00      0.00      0.00         0
        100       0.00      0.00      0.00         1
        101       0.00      0.00      0.00         2
        102       0.00      0.00      0.00         1
        105       0.00      0.00      0.00         2
        108       1.00      1.00      1.00         1
        109       1.00      1.00      1.00         1
        111       0.00      0.00      0.00         1
        112       1.00      1.00      1.00         1
        113       0.00      0.00      0.00         0
        114       0.00      0.00      0.00         1
        116       0.00      0.00      0.00         3
        117       0.00      0.00      0.00         2
        118       0.00      0.00      0.00         1
        120       0.00      0.00      0.00         0

avg / total       0.36      0.36      0.36        22

Confusion matrix:
[[0 0 0 0 0 0 0 0 0 0 0 0 0 0 0 0 0 0 0 0 0 0]
 [0 0 0 0 0 0 0 0 0 0 0 0 0 0 0 0 0 0 0 0 0 0]
 [0 0 0 0 0 0 0 0 0 0 0 0 0 0 0 0 0 0 0 0 0 0]
 [0 0 0 0 0 0 0 0 0 0 0 0 0 0 0 0 0 0 0 0 0 0]
 [0 0 0 0 0 0 0 0 0 0 0 0 0 0 0 0 0 0 0 0 0 0]
 [0 0 0 0 0 0 0 0 0 0 0 0 0 0 0 0 0 0 0 0 0 0]
 [0 0 0 0 0 0 5 0 0 0 0 0 0 0 0 0 0 0 0 0 0 0]
 [0 0 0 0 0 0 0 0 0 0 0 0 0 0 0 0 0 0 0 0 0 0]
 [0 0 0 0 0 0 0 0 0 1 0 0 0 0 0 0 0 0 0 0 0 0]
 [0 0 0 0 0 0 0 2 0 0 0 0 0 0 0 0 0 0 0 0 0 0]
 [0 0 0 0 0 0 0 0 0 0 0 0 0 0 0 0 1 0 0 0 0 0]
 [0 0 1 0 1 0 0 0 0 0 0 0 0 0 0 0 0 0 0 0 0 0]
 [0 0 0 0 0 0 0 0 0 0 0 0 1 0 0 0 0 0 0 0 0 0]
 [0 0 0 0 0 0 0 0 0 0 0 0 0 1 0 0 0 0 0 0 0 0]
 [0 0 0 0 0 0 0 0 0 0 0 0 0 0 0 0 0 0 0 1 0 0]
 [0 0 0 0 0 0 0 0 0 0 0 0 0 0 0 1 0 0 0 0 0 0]
 [0 0 0 0 0 0 0 0 0 0 0 0 0 0 0 0 0 0 0 0 0 0]
 [0 0 0 0 0 1 0 0 0 0 0 0 0 0 0 0 0 0 0 0 0 0]
 [1 1 0 0 1 0 0 0 0 0 0 0 0 0 0 0 0 0 0 0 0 0]
 [0 0 0 2 0 0 0 0 0 0 0 0 0 0 0 0 0 0 0 0 0 0]
 [0 0 0 0 0 0 0 0 0 0 0 0 0 0 0 0 0 0 0 0 0 1]
 [0 0 0 0 0 0 0 0 0 0 0 0 0 0 0 0 0 0 0 0 0 0]]