Classification report for the best estimator: 
SVC(C=1, coef0=0.0, degree=3, gamma=0.0, kernel=linear, probability=False,
  shrinking=True, tol=0.001)
Tuned for 'precision with optimal value: 0.975
             precision    recall  f1-score   support

         48       0.96      0.94      0.95        51
         49       0.94      0.98      0.96        51
         50       1.00      0.98      0.99        51
         51       0.98      0.98      0.98        51
         52       0.98      1.00      0.99        51
         53       0.96      1.00      0.98        51
         54       0.94      0.98      0.96        51
         55       0.98      0.98      0.98        51
         56       0.96      0.96      0.96        51
         57       0.98      0.98      0.98        51
         65       1.00      0.98      0.99        51
         66       1.00      0.98      0.99        51
         67       0.89      1.00      0.94        51
         68       1.00      1.00      1.00        51
         69       1.00      0.98      0.99        51
         70       0.98      0.94      0.96        51
         71       1.00      1.00      1.00        51
         72       1.00      1.00      1.00        51
         73       0.83      0.84      0.83        51
         74       0.96      0.96      0.96        51
         75       1.00      0.98      0.99        51
         76       1.00      0.96      0.98        51
         77       1.00      0.98      0.99        51
         78       1.00      0.96      0.98        51
         79       0.96      0.96      0.96        51
         80       0.96      1.00      0.98        51
         81       1.00      1.00      1.00        51
         82       0.98      1.00      0.99        51
         83       1.00      1.00      1.00        51
         84       0.98      0.96      0.97        51
         85       0.98      0.98      0.98        51
         86       1.00      0.98      0.99        51
         87       1.00      1.00      1.00        51
         88       0.94      0.96      0.95        51
         89       1.00      1.00      1.00        51
         90       1.00      0.90      0.95        51
         97       0.98      1.00      0.99        51
         98       0.98      0.96      0.97        51
         99       0.98      0.94      0.96        51
        100       1.00      0.98      0.99        51
        101       0.98      1.00      0.99        51
        102       0.98      0.98      0.98        51
        103       0.98      0.90      0.94        51
        104       1.00      0.98      0.99        51
        105       0.88      0.98      0.93        51
        106       0.94      0.96      0.95        51
        107       0.96      0.98      0.97        51
        108       0.87      0.80      0.84        51
        109       1.00      1.00      1.00        51
        110       0.98      1.00      0.99        51
        111       0.98      1.00      0.99        51
        112       1.00      1.00      1.00        51
        113       0.98      0.98      0.98        51
        114       0.98      1.00      0.99        51
        115       1.00      1.00      1.00        51
        116       1.00      1.00      1.00        51
        117       1.00      0.96      0.98        51
        118       0.96      0.98      0.97        51
        119       1.00      0.98      0.99        51
        120       0.93      0.98      0.95        51
        121       0.96      0.98      0.97        51
        122       1.00      1.00      1.00        51

avg / total       0.98      0.97      0.97      3162

Grid scores:
[({'C': 1, 'gamma': 0.001, 'kernel': 'rbf'}, 0.15776083792036824),
 ({'C': 1, 'gamma': 0.0001, 'kernel': 'rbf'}, 0.41043701558293655),
 ({'C': 10, 'gamma': 0.001, 'kernel': 'rbf'}, 0.15776083792036824),
 ({'C': 10, 'gamma': 0.0001, 'kernel': 'rbf'}, 0.41043701558293655),
 ({'C': 100, 'gamma': 0.001, 'kernel': 'rbf'}, 0.15776083792036824),
 ({'C': 100, 'gamma': 0.0001, 'kernel': 'rbf'}, 0.41043701558293655),
 ({'C': 1000, 'gamma': 0.001, 'kernel': 'rbf'}, 0.15776083792036824),
 ({'C': 1000, 'gamma': 0.0001, 'kernel': 'rbf'}, 0.41043701558293655),
 ({'C': 1, 'kernel': 'linear'}, 0.93816105327893662),
 ({'C': 10, 'kernel': 'linear'}, 0.93816105327893662),
 ({'C': 100, 'kernel': 'linear'}, 0.93816105327893662),
 ({'C': 1000, 'kernel': 'linear'}, 0.93816105327893662)]






Classification report for the best estimator: 
SVC(C=1, coef0=0.0, degree=3, gamma=0.0, kernel=linear, probability=False,
  shrinking=True, tol=0.001)
Tuned for 'recall with optimal value: 0.975
             precision    recall  f1-score   support

         48       0.96      0.94      0.95        51
         49       0.94      0.98      0.96        51
         50       1.00      0.98      0.99        51
         51       0.98      0.98      0.98        51
         52       0.98      1.00      0.99        51
         53       0.96      1.00      0.98        51
         54       0.94      0.98      0.96        51
         55       0.98      0.98      0.98        51
         56       0.96      0.96      0.96        51
         57       0.98      0.98      0.98        51
         65       1.00      0.98      0.99        51
         66       1.00      0.98      0.99        51
         67       0.89      1.00      0.94        51
         68       1.00      1.00      1.00        51
         69       1.00      0.98      0.99        51
         70       0.98      0.94      0.96        51
         71       1.00      1.00      1.00        51
         72       1.00      1.00      1.00        51
         73       0.83      0.84      0.83        51
         74       0.96      0.96      0.96        51
         75       1.00      0.98      0.99        51
         76       1.00      0.96      0.98        51
         77       1.00      0.98      0.99        51
         78       1.00      0.96      0.98        51
         79       0.96      0.96      0.96        51
         80       0.96      1.00      0.98        51
         81       1.00      1.00      1.00        51
         82       0.98      1.00      0.99        51
         83       1.00      1.00      1.00        51
         84       0.98      0.96      0.97        51
         85       0.98      0.98      0.98        51
         86       1.00      0.98      0.99        51
         87       1.00      1.00      1.00        51
         88       0.94      0.96      0.95        51
         89       1.00      1.00      1.00        51
         90       1.00      0.90      0.95        51
         97       0.98      1.00      0.99        51
         98       0.98      0.96      0.97        51
         99       0.98      0.94      0.96        51
        100       1.00      0.98      0.99        51
        101       0.98      1.00      0.99        51
        102       0.98      0.98      0.98        51
        103       0.98      0.90      0.94        51
        104       1.00      0.98      0.99        51
        105       0.88      0.98      0.93        51
        106       0.94      0.96      0.95        51
        107       0.96      0.98      0.97        51
        108       0.87      0.80      0.84        51
        109       1.00      1.00      1.00        51
        110       0.98      1.00      0.99        51
        111       0.98      1.00      0.99        51
        112       1.00      1.00      1.00        51
        113       0.98      0.98      0.98        51
        114       0.98      1.00      0.99        51
        115       1.00      1.00      1.00        51
        116       1.00      1.00      1.00        51
        117       1.00      0.96      0.98        51
        118       0.96      0.98      0.97        51
        119       1.00      0.98      0.99        51
        120       0.93      0.98      0.95        51
        121       0.96      0.98      0.97        51
        122       1.00      1.00      1.00        51

avg / total       0.98      0.97      0.97      3162

Grid scores:
[({'C': 1, 'gamma': 0.001, 'kernel': 'rbf'}, 0.043013978043073969),
 ({'C': 1, 'gamma': 0.0001, 'kernel': 'rbf'}, 0.4051352810606515),
 ({'C': 10, 'gamma': 0.001, 'kernel': 'rbf'}, 0.043013978043073969),
 ({'C': 10, 'gamma': 0.0001, 'kernel': 'rbf'}, 0.4051352810606515),
 ({'C': 100, 'gamma': 0.001, 'kernel': 'rbf'}, 0.043013978043073969),
 ({'C': 100, 'gamma': 0.0001, 'kernel': 'rbf'}, 0.4051352810606515),
 ({'C': 1000, 'gamma': 0.001, 'kernel': 'rbf'}, 0.043013978043073969),
 ({'C': 1000, 'gamma': 0.0001, 'kernel': 'rbf'}, 0.4051352810606515),
 ({'C': 1, 'kernel': 'linear'}, 0.9320050192972984),
 ({'C': 10, 'kernel': 'linear'}, 0.9320050192972984),
 ({'C': 100, 'kernel': 'linear'}, 0.9320050192972984),
 ({'C': 1000, 'kernel': 'linear'}, 0.9320050192972984)]