Training the classifier ... Done!
Performing prediction on test set ... Done!
--------------------------------------
actual       =['m', 'u', 'l', 't', 'i', 'v', 'a', 'r', 'i', 'a', 't', 'e']
prediction   =['m', 'Y', 'l', 't', 'X', 'Y', 'a', 't', 'l', 'a', 'X', 'c']
--------------------------------------
Classification report for classifier [SVC(C=0.001, coef0=0.0, degree=3, gamma=0.
0, kernel=linear, probability=True,
  shrinking=True, tol=0.001)]
             precision    recall  f1-score   support

         88       0.00      0.00      0.00         0
         89       0.00      0.00      0.00         0
         97       1.00      1.00      1.00         2
         99       0.00      0.00      0.00         0
        101       0.00      0.00      0.00         1
        105       0.00      0.00      0.00         2
        108       0.50      1.00      0.67         1
        109       1.00      1.00      1.00         1
        114       0.00      0.00      0.00         1
        116       0.50      0.50      0.50         2
        117       0.00      0.00      0.00         1
        118       0.00      0.00      0.00         1

avg / total       0.38      0.42      0.39        12

Confusion matrix:
[[0 0 0 0 0 0 0 0 0 0 0 0]
 [0 0 0 0 0 0 0 0 0 0 0 0]
 [0 0 2 0 0 0 0 0 0 0 0 0]
 [0 0 0 0 0 0 0 0 0 0 0 0]
 [0 0 0 1 0 0 0 0 0 0 0 0]
 [1 0 0 0 0 0 1 0 0 0 0 0]
 [0 0 0 0 0 0 1 0 0 0 0 0]
 [0 0 0 0 0 0 0 1 0 0 0 0]
 [0 0 0 0 0 0 0 0 0 1 0 0]
 [1 0 0 0 0 0 0 0 0 1 0 0]
 [0 1 0 0 0 0 0 0 0 0 0 0]
 [0 1 0 0 0 0 0 0 0 0 0 0]]