Classification report for the best estimator: 
SVC(C=0.001, coef0=0.0, degree=3, gamma=0.0, kernel=linear, probability=False,
  shrinking=True, tol=0.001)
Tuned for 'precision with optimal value: 0.946
             precision    recall  f1-score   support

         48       1.00      1.00      1.00         6
         49       0.80      0.67      0.73         6
         50       1.00      1.00      1.00         6
         51       1.00      1.00      1.00         6
         52       1.00      1.00      1.00         6
         53       1.00      0.83      0.91         6
         54       1.00      0.67      0.80         6
         55       1.00      1.00      1.00         6
         56       1.00      0.83      0.91         6
         57       1.00      1.00      1.00         6
         65       0.96      0.96      0.96        74
         66       0.97      0.99      0.98        74
         67       0.90      0.93      0.91        74
         68       1.00      0.96      0.98        74
         69       1.00      1.00      1.00        74
         70       0.97      0.96      0.97        74
         71       1.00      0.96      0.98        74
         72       0.99      0.99      0.99        74
         73       0.66      0.80      0.72        74
         74       0.95      0.99      0.97        74
         75       1.00      0.93      0.97        74
         76       0.96      0.97      0.97        74
         77       0.99      0.97      0.98        74
         78       0.89      0.99      0.94        74
         79       0.91      1.00      0.95        74
         80       0.94      0.97      0.95        74
         81       0.99      0.99      0.99        74
         82       1.00      0.99      0.99        74
         83       0.91      0.97      0.94        74
         84       1.00      1.00      1.00        74
         85       0.91      0.95      0.93        74
         86       0.85      0.86      0.86        74
         87       0.96      0.89      0.92        74
         88       0.90      0.82      0.86        74
         89       0.95      0.95      0.95        74
         90       0.95      0.96      0.95        74
         97       0.93      0.96      0.95        74
         98       0.99      0.99      0.99        74
         99       0.94      0.92      0.93        74
        100       0.99      0.99      0.99        74
        101       1.00      1.00      1.00        74
        102       0.99      0.93      0.96        74
        103       0.99      0.99      0.99        74
        104       0.97      0.99      0.98        74
        105       0.95      0.99      0.97        74
        106       0.97      0.96      0.97        74
        107       0.93      0.95      0.94        74
        108       0.73      0.61      0.66        74
        109       0.96      0.99      0.97        74
        110       1.00      0.99      0.99        74
        111       1.00      0.99      0.99        74
        112       0.96      0.95      0.95        74
        113       0.93      0.96      0.95        74
        114       0.90      1.00      0.95        74
        115       0.96      0.89      0.92        74
        116       0.97      0.97      0.97        74
        117       0.97      0.91      0.94        74
        118       0.93      0.86      0.90        74
        119       0.95      0.96      0.95        74
        120       0.88      0.86      0.87        74
        121       0.96      0.93      0.95        74
        122       0.95      0.93      0.94        74

avg / total       0.95      0.95      0.95      3908

Grid scores:
[({'C': 1, 'gamma': 0.01, 'kernel': 'rbf'}, 0.25292416264294842),
 ({'C': 1, 'gamma': 0.001, 'kernel': 'rbf'}, 0.2737114917367432),
 ({'C': 1, 'gamma': 0.0001, 'kernel': 'rbf'}, 0.25695571885595048),
 ({'C': 10, 'gamma': 0.01, 'kernel': 'rbf'}, 0.25292416264294842),
 ({'C': 10, 'gamma': 0.001, 'kernel': 'rbf'}, 0.2737114917367432),
 ({'C': 10, 'gamma': 0.0001, 'kernel': 'rbf'}, 0.25695571885595048),
 ({'C': 100, 'gamma': 0.01, 'kernel': 'rbf'}, 0.25292416264294842),
 ({'C': 100, 'gamma': 0.001, 'kernel': 'rbf'}, 0.2737114917367432),
 ({'C': 100, 'gamma': 0.0001, 'kernel': 'rbf'}, 0.25695571885595048),
 ({'C': 1000, 'gamma': 0.01, 'kernel': 'rbf'}, 0.25292416264294842),
 ({'C': 1000, 'gamma': 0.001, 'kernel': 'rbf'}, 0.2737114917367432),
 ({'C': 1000, 'gamma': 0.0001, 'kernel': 'rbf'}, 0.25695571885595048),
 ({'C': 0.001, 'kernel': 'linear'}, 0.90336035355319011),
 ({'C': 0.01, 'kernel': 'linear'}, 0.90336035355319011),
 ({'C': 0.1, 'kernel': 'linear'}, 0.90336035355319011),
 ({'C': 1, 'kernel': 'linear'}, 0.90336035355319011),
 ({'C': 10, 'kernel': 'linear'}, 0.90336035355319011),
 ({'C': 100, 'kernel': 'linear'}, 0.90336035355319011),
 ({'C': 1000, 'kernel': 'linear'}, 0.90336035355319011)]

Classification report for the best estimator: 
SVC(C=0.001, coef0=0.0, degree=3, gamma=0.0, kernel=linear, probability=False,
  shrinking=True, tol=0.001)
Tuned for 'recall with optimal value: 0.945
             precision    recall  f1-score   support

         48       1.00      1.00      1.00         6
         49       0.80      0.67      0.73         6
         50       1.00      1.00      1.00         6
         51       1.00      1.00      1.00         6
         52       1.00      1.00      1.00         6
         53       1.00      0.83      0.91         6
         54       1.00      0.67      0.80         6
         55       1.00      1.00      1.00         6
         56       1.00      0.83      0.91         6
         57       1.00      1.00      1.00         6
         65       0.96      0.96      0.96        74
         66       0.97      0.99      0.98        74
         67       0.90      0.93      0.91        74
         68       1.00      0.96      0.98        74
         69       1.00      1.00      1.00        74
         70       0.97      0.96      0.97        74
         71       1.00      0.96      0.98        74
         72       0.99      0.99      0.99        74
         73       0.66      0.80      0.72        74
         74       0.95      0.99      0.97        74
         75       1.00      0.93      0.97        74
         76       0.96      0.97      0.97        74
         77       0.99      0.97      0.98        74
         78       0.89      0.99      0.94        74
         79       0.91      1.00      0.95        74
         80       0.94      0.97      0.95        74
         81       0.99      0.99      0.99        74
         82       1.00      0.99      0.99        74
         83       0.91      0.97      0.94        74
         84       1.00      1.00      1.00        74
         85       0.91      0.95      0.93        74
         86       0.85      0.86      0.86        74
         87       0.96      0.89      0.92        74
         88       0.90      0.82      0.86        74
         89       0.95      0.95      0.95        74
         90       0.95      0.96      0.95        74
         97       0.93      0.96      0.95        74
         98       0.99      0.99      0.99        74
         99       0.94      0.92      0.93        74
        100       0.99      0.99      0.99        74
        101       1.00      1.00      1.00        74
        102       0.99      0.93      0.96        74
        103       0.99      0.99      0.99        74
        104       0.97      0.99      0.98        74
        105       0.95      0.99      0.97        74
        106       0.97      0.96      0.97        74
        107       0.93      0.95      0.94        74
        108       0.73      0.61      0.66        74
        109       0.96      0.99      0.97        74
        110       1.00      0.99      0.99        74
        111       1.00      0.99      0.99        74
        112       0.96      0.95      0.95        74
        113       0.93      0.96      0.95        74
        114       0.90      1.00      0.95        74
        115       0.96      0.89      0.92        74
        116       0.97      0.97      0.97        74
        117       0.97      0.91      0.94        74
        118       0.93      0.86      0.90        74
        119       0.95      0.96      0.95        74
        120       0.88      0.86      0.87        74
        121       0.96      0.93      0.95        74
        122       0.95      0.93      0.94        74

avg / total       0.95      0.95      0.95      3908

Grid scores:
[({'C': 1, 'gamma': 0.01, 'kernel': 'rbf'}, 0.039153357718971347),
 ({'C': 1, 'gamma': 0.001, 'kernel': 'rbf'}, 0.044015967462529185),
 ({'C': 1, 'gamma': 0.0001, 'kernel': 'rbf'}, 0.058857258875269755),
 ({'C': 10, 'gamma': 0.01, 'kernel': 'rbf'}, 0.039153357718971347),
 ({'C': 10, 'gamma': 0.001, 'kernel': 'rbf'}, 0.044015967462529185),
 ({'C': 10, 'gamma': 0.0001, 'kernel': 'rbf'}, 0.058857258875269755),
 ({'C': 100, 'gamma': 0.01, 'kernel': 'rbf'}, 0.039153357718971347),
 ({'C': 100, 'gamma': 0.001, 'kernel': 'rbf'}, 0.044015967462529185),
 ({'C': 100, 'gamma': 0.0001, 'kernel': 'rbf'}, 0.058857258875269755),
 ({'C': 1000, 'gamma': 0.01, 'kernel': 'rbf'}, 0.039153357718971347),
 ({'C': 1000, 'gamma': 0.001, 'kernel': 'rbf'}, 0.044015967462529185),
 ({'C': 1000, 'gamma': 0.0001, 'kernel': 'rbf'}, 0.058857258875269755),
 ({'C': 0.001, 'kernel': 'linear'}, 0.90097356985437393),
 ({'C': 0.01, 'kernel': 'linear'}, 0.90097356985437393),
 ({'C': 0.1, 'kernel': 'linear'}, 0.90097356985437393),
 ({'C': 1, 'kernel': 'linear'}, 0.90097356985437393),
 ({'C': 10, 'kernel': 'linear'}, 0.90097356985437393),
 ({'C': 100, 'kernel': 'linear'}, 0.90097356985437393),
 ({'C': 1000, 'kernel': 'linear'}, 0.90097356985437393)]
