[[[ 1,  0.01,  'rbf'], 0.039153357718971347],
 [[ 1,  0.001,  'rbf'], 0.044015967462529185],
 [[ 1,  0.0001,  'rbf'], 0.058857258875269755],
 [[ 10,  0.01,  'rbf'], 0.039153357718971347],
 [[ 10,  0.001,  'rbf'], 0.044015967462529185],
 [[ 10,  0.0001,  'rbf'], 0.058857258875269755],
 [[ 100,  0.01,  'rbf'], 0.039153357718971347],
 [[ 100,  0.001,  'rbf'], 0.044015967462529185],
 [[ 100,  0.0001,  'rbf'], 0.058857258875269755],
 [[ 1000,  0.01,  'rbf'], 0.039153357718971347],
 [[ 1000,  0.001,  'rbf'], 0.044015967462529185],
 [[ 1000,  0.0001,  'rbf'], 0.058857258875269755],
 [[ 0.001,  'linear'], 0.90097356985437393],
 [[ 0.01,  'linear'], 0.90097356985437393],
 [[ 0.1,  'linear'], 0.90097356985437393],
 [[ 1,  'linear'], 0.90097356985437393],
 [[ 10,  'linear'], 0.90097356985437393],
 [[ 100,  'linear'], 0.90097356985437393],
 [[ 1000,  'linear'], 0.90097356985437393]]